phase_by_wave = np.array([[1.04848816e+22, 9.95578063e+21, 1.19050636e+22, 1.34136232e+22,
        1.41031700e+22, 1.31970849e+22, 7.38302658e+21, 7.24485589e+21,
        7.05029017e+21, 7.82080896e+21, 9.05804143e+21, 1.07932972e+22,
        1.23348808e+22, 1.41869062e+22, 1.53267625e+22, 3.90336453e+21,
        1.96815712e+21],
       [8.71242430e+21, 8.26158460e+21, 9.96372577e+21, 1.13105465e+22,
        1.18768163e+22, 1.10876516e+22, 6.16894929e+21, 6.05709764e+21,
        5.91112540e+21, 6.57928068e+21, 7.64533734e+21, 9.13916274e+21,
        1.04796739e+22, 1.21231290e+22, 1.31458598e+22, 3.53498378e+21,
        1.79836567e+21],
       [6.62674531e+21, 6.19841332e+21, 7.66526838e+21, 8.94969543e+21,
        9.37695898e+21, 8.58254077e+21, 4.64339026e+21, 4.56243574e+21,
        4.47565435e+21, 5.01379605e+21, 5.86483788e+21, 7.06284352e+21,
        8.16364733e+21, 9.58639990e+21, 1.05155526e+22, 3.06974441e+21,
        1.58588934e+21],
       [4.57773310e+21, 4.10836890e+21, 5.35477257e+21, 6.73813899e+21,
        7.12652070e+21, 6.08083279e+21, 3.11376278e+21, 3.06486750e+21,
        3.03586746e+21, 3.43864458e+21, 4.06688759e+21, 4.95803335e+21,
        5.80872842e+21, 6.99356818e+21, 7.82336967e+21, 2.58528420e+21,
        1.36550732e+21],
       [2.75120583e+21, 2.30945962e+21, 3.29709385e+21, 4.74899726e+21,
        5.16696303e+21, 3.85225617e+21, 1.85981734e+21, 1.84097261e+21,
        1.85824773e+21, 2.14292108e+21, 2.57691513e+21, 3.19646531e+21,
        3.81808901e+21, 4.75944447e+21, 5.45929524e+21, 2.17236982e+21,
        1.17847171e+21],
       [1.52112783e+21, 1.19730503e+21, 1.95231588e+21, 3.33460879e+21,
        3.73629701e+21, 2.35718464e+21, 1.09927737e+21, 1.09925442e+21,
        1.13950597e+21, 1.34497390e+21, 1.65127804e+21, 2.09249427e+21,
        2.56022059e+21, 3.32747257e+21, 3.90411630e+21, 1.88613676e+21,
        1.04735754e+21],
       [1.12131401e+21, 8.32933192e+20, 1.52917867e+21, 2.90877422e+21,
        3.29717850e+21, 1.86061565e+21, 8.11742107e+20, 8.14546315e+20,
        8.58255441e+20, 1.03196933e+21, 1.29251183e+21, 1.67901063e+21,
        2.10666946e+21, 2.84417101e+21, 3.40762944e+21, 1.75132029e+21,
        9.80695638e+20],
       [1.19181408e+21, 8.43515366e+20, 1.62083567e+21, 3.12339347e+21,
        3.55150380e+21, 1.95040853e+21, 7.66561355e+20, 7.63196216e+20,
        8.04057304e+20, 9.76038448e+20, 1.24220268e+21, 1.65440868e+21,
        2.11948475e+21, 2.93283692e+21, 3.57796194e+21, 1.72132292e+21,
        9.58931232e+20],
       [1.32543083e+21, 9.24032757e+20, 1.78207019e+21, 3.38931217e+21,
        3.85716326e+21, 2.13238309e+21, 7.98158676e+20, 7.89927235e+20,
        8.29461043e+20, 1.00888053e+21, 1.29210543e+21, 1.74098184e+21,
        2.24838495e+21, 3.13410850e+21, 3.85202374e+21, 1.74463430e+21,
        9.66015879e+20],
       [1.84564312e+21, 1.31710598e+21, 2.35561131e+21, 4.16098695e+21,
        4.71251269e+21, 2.79145254e+21, 1.05269808e+21, 1.03535388e+21,
        1.06991429e+21, 1.28177916e+21, 1.62126979e+21, 2.16263089e+21,
        2.76326812e+21, 3.78934127e+21, 4.64477527e+21, 1.86787535e+21,
        1.02004576e+21],
       [3.10346539e+21, 2.39917977e+21, 3.70853146e+21, 5.69353543e+21,
        6.31191254e+21, 4.30423032e+21, 1.78137606e+21, 1.74649029e+21,
        1.75969937e+21, 2.04632814e+21, 2.50677492e+21, 3.22149517e+21,
        3.97814948e+21, 5.20393078e+21, 6.22204778e+21, 2.14175193e+21,
        1.14597927e+21],
       [4.95909467e+21, 4.19210351e+21, 5.75619487e+21, 7.70188535e+21,
        8.29658258e+21, 6.52815988e+21, 3.02753541e+21, 2.96627318e+21,
        2.93457568e+21, 3.33517883e+21, 3.97894961e+21, 4.94230153e+21,
        5.90349689e+21, 7.34929024e+21, 8.49054562e+21, 2.54997563e+21,
        1.33547422e+21],
       [7.00922412e+21, 6.30374124e+21, 8.04018751e+21, 9.81311822e+21,
        1.04088319e+22, 8.99556257e+21, 4.57922549e+21, 4.48967331e+21,
        4.39947302e+21, 4.93358251e+21, 5.79119074e+21, 7.03508372e+21,
        8.21283478e+21, 9.84252608e+21, 1.10301845e+22, 3.03619589e+21,
        1.56249005e+21],
       [8.99406059e+21, 8.35229815e+21, 1.02299057e+22, 1.19058993e+22,
        1.25795473e+22, 1.13752422e+22, 6.13295806e+21, 6.01699498e+21,
        5.86796913e+21, 6.53115568e+21, 7.59627820e+21, 9.11027267e+21,
        1.04915705e+22, 1.22667333e+22, 1.34623669e+22, 3.50881924e+21,
        1.78324486e+21],
       [1.06034468e+22, 9.98552696e+21, 1.20048238e+22, 1.36718818e+22,
        1.44209888e+22, 1.33038821e+22, 7.36216994e+21, 7.22401151e+21,
        7.02828425e+21, 7.79373500e+21, 9.02474721e+21, 1.07584014e+22,
        1.23079108e+22, 1.42103084e+22, 1.54261536e+22, 3.88517111e+21,
        1.95994515e+21]])

wave_by_phase = np.array([[1.04848816e+22, 8.71242430e+21, 6.62674531e+21, 4.57773310e+21,
        2.75120583e+21, 1.52112783e+21, 1.12131401e+21, 1.19181408e+21,
        1.32543083e+21, 1.84564312e+21, 3.10346539e+21, 4.95909467e+21,
        7.00922412e+21, 8.99406059e+21, 1.06034468e+22],
       [9.95578063e+21, 8.26158460e+21, 6.19841332e+21, 4.10836890e+21,
        2.30945962e+21, 1.19730503e+21, 8.32933192e+20, 8.43515366e+20,
        9.24032757e+20, 1.31710598e+21, 2.39917977e+21, 4.19210351e+21,
        6.30374124e+21, 8.35229815e+21, 9.98552696e+21],
       [1.19050636e+22, 9.96372577e+21, 7.66526838e+21, 5.35477257e+21,
        3.29709385e+21, 1.95231588e+21, 1.52917867e+21, 1.62083567e+21,
        1.78207019e+21, 2.35561131e+21, 3.70853146e+21, 5.75619487e+21,
        8.04018751e+21, 1.02299057e+22, 1.20048238e+22],
       [1.34136232e+22, 1.13105465e+22, 8.94969543e+21, 6.73813899e+21,
        4.74899726e+21, 3.33460879e+21, 2.90877422e+21, 3.12339347e+21,
        3.38931217e+21, 4.16098695e+21, 5.69353543e+21, 7.70188535e+21,
        9.81311822e+21, 1.19058993e+22, 1.36718818e+22],
       [1.41031700e+22, 1.18768163e+22, 9.37695898e+21, 7.12652070e+21,
        5.16696303e+21, 3.73629701e+21, 3.29717850e+21, 3.55150380e+21,
        3.85716326e+21, 4.71251269e+21, 6.31191254e+21, 8.29658258e+21,
        1.04088319e+22, 1.25795473e+22, 1.44209888e+22],
       [1.31970849e+22, 1.10876516e+22, 8.58254077e+21, 6.08083279e+21,
        3.85225617e+21, 2.35718464e+21, 1.86061565e+21, 1.95040853e+21,
        2.13238309e+21, 2.79145254e+21, 4.30423032e+21, 6.52815988e+21,
        8.99556257e+21, 1.13752422e+22, 1.33038821e+22],
       [7.38302658e+21, 6.16894929e+21, 4.64339026e+21, 3.11376278e+21,
        1.85981734e+21, 1.09927737e+21, 8.11742107e+20, 7.66561355e+20,
        7.98158676e+20, 1.05269808e+21, 1.78137606e+21, 3.02753541e+21,
        4.57922549e+21, 6.13295806e+21, 7.36216994e+21],
       [7.24485589e+21, 6.05709764e+21, 4.56243574e+21, 3.06486750e+21,
        1.84097261e+21, 1.09925442e+21, 8.14546315e+20, 7.63196216e+20,
        7.89927235e+20, 1.03535388e+21, 1.74649029e+21, 2.96627318e+21,
        4.48967331e+21, 6.01699498e+21, 7.22401151e+21],
       [7.05029017e+21, 5.91112540e+21, 4.47565435e+21, 3.03586746e+21,
        1.85824773e+21, 1.13950597e+21, 8.58255441e+20, 8.04057304e+20,
        8.29461043e+20, 1.06991429e+21, 1.75969937e+21, 2.93457568e+21,
        4.39947302e+21, 5.86796913e+21, 7.02828425e+21],
       [7.82080896e+21, 6.57928068e+21, 5.01379605e+21, 3.43864458e+21,
        2.14292108e+21, 1.34497390e+21, 1.03196933e+21, 9.76038448e+20,
        1.00888053e+21, 1.28177916e+21, 2.04632814e+21, 3.33517883e+21,
        4.93358251e+21, 6.53115568e+21, 7.79373500e+21],
       [9.05804143e+21, 7.64533734e+21, 5.86483788e+21, 4.06688759e+21,
        2.57691513e+21, 1.65127804e+21, 1.29251183e+21, 1.24220268e+21,
        1.29210543e+21, 1.62126979e+21, 2.50677492e+21, 3.97894961e+21,
        5.79119074e+21, 7.59627820e+21, 9.02474721e+21],
       [1.07932972e+22, 9.13916274e+21, 7.06284352e+21, 4.95803335e+21,
        3.19646531e+21, 2.09249427e+21, 1.67901063e+21, 1.65440868e+21,
        1.74098184e+21, 2.16263089e+21, 3.22149517e+21, 4.94230153e+21,
        7.03508372e+21, 9.11027267e+21, 1.07584014e+22],
       [1.23348808e+22, 1.04796739e+22, 8.16364733e+21, 5.80872842e+21,
        3.81808901e+21, 2.56022059e+21, 2.10666946e+21, 2.11948475e+21,
        2.24838495e+21, 2.76326812e+21, 3.97814948e+21, 5.90349689e+21,
        8.21283478e+21, 1.04915705e+22, 1.23079108e+22],
       [1.41869062e+22, 1.21231290e+22, 9.58639990e+21, 6.99356818e+21,
        4.75944447e+21, 3.32747257e+21, 2.84417101e+21, 2.93283692e+21,
        3.13410850e+21, 3.78934127e+21, 5.20393078e+21, 7.34929024e+21,
        9.84252608e+21, 1.22667333e+22, 1.42103084e+22],
       [1.53267625e+22, 1.31458598e+22, 1.05155526e+22, 7.82336967e+21,
        5.45929524e+21, 3.90411630e+21, 3.40762944e+21, 3.57796194e+21,
        3.85202374e+21, 4.64477527e+21, 6.22204778e+21, 8.49054562e+21,
        1.10301845e+22, 1.34623669e+22, 1.54261536e+22],
       [3.90336453e+21, 3.53498378e+21, 3.06974441e+21, 2.58528420e+21,
        2.17236982e+21, 1.88613676e+21, 1.75132029e+21, 1.72132292e+21,
        1.74463430e+21, 1.86787535e+21, 2.14175193e+21, 2.54997563e+21,
        3.03619589e+21, 3.50881924e+21, 3.88517111e+21],
       [1.96815712e+21, 1.79836567e+21, 1.58588934e+21, 1.36550732e+21,
        1.17847171e+21, 1.04735754e+21, 9.80695638e+20, 9.58931232e+20,
        9.66015879e+20, 1.02004576e+21, 1.14597927e+21, 1.33547422e+21,
        1.56249005e+21, 1.78324486e+21, 1.95994515e+21]])